21,91,1
22,265,1
23,208,1
22,114,1
27,66,1
26,150,1
28,42,1
27,363,2
26,194,1
28,281,2
26,105,1
24,126,1
21,73,1
23,198,1
21,81,1
21,32,1
26,12,1
29,187,1
22,194,1
25,342,2
25,3,1
28,345,2
22,152,1
25,337,2
25,203,1
28,244,1
28,198,1
22,304,4
28,38,1
20,329,2
20,14,1
29,302,2
23,350,4
27,376,2
22,109,1
27,271,2
23,319,2
25,98,1
23,105,1
25,172,2
20,397,4
21,270,1
28,119,1
25,358,2
24,210,1
20,139,1
27,352,2
20,182,2
25,252,1
26,175,1
25,398,2
20,163,1
25,125,1
25,340,2
29,225,1
24,117,1
26,274,1
29,69,2
22,5,1
28,327,2
29,145,1
22,210,1
22,243,1
21,24,1
24,348,2
26,260,3
26,243,1
28,162,1
22,119,1
20,7,1
23,119,1
28,112,1
25,385,2
29,90,1
23,78,1
23,393,2
24,337,2
22,32,1
23,120,4
29,80,2
25,1,1
21,249,1
28,54,1
20,110,1
20,241,1
25,157,1
24,329,2
29,105,1
27,339,1
26,124,1
29,263,1
27,107,1
27,314,4
21,250,1
26,101,1
21,307,2
25,175,1
26,277,1
28,83,1
27,156,3
25,181,1
29,224,1
27,269,1
24,257,1
24,291,2
24,169,1
27,160,1
20,240,2
24,258,1
28,132,1
24,347,2
26,55,1
27,162,2
24,123,2
21,316,2
25,134,1
20,42,1
24,172,1
28,310,2
29,226,2
21,0,1
24,362,2
21,23,1
28,24,1
25,87,1
22,345,1
20,197,2
26,387,2
22,317,2
28,329,2
22,324,2
25,309,2
27,323,2
24,378,2
23,339,2
28,382,2
25,294,3
28,106,1
24,305,1
23,154,1
21,337,2
20,72,1
28,385,2
21,140,1
23,148,1
26,140,1
26,211,1
23,248,1
28,126,1
23,71,1
29,290,1
22,206,1
29,391,2
23,275,1
25,89,1
23,180,2
26,219,1
24,295,2
25,110,1
29,385,2
28,222,2
25,392,2
20,62,1
21,217,1
25,245,1
26,29,2
24,11,1
23,191,1
22,166,1
28,99,1
26,38,1
23,52,1
27,111,1
27,251,3
28,140,1
25,141,1
21,223,3
24,61,1
27,391,2
25,308,2
20,70,1
27,0,1
25,168,1
27,157,1
26,196,1
23,392,2
26,218,1
25,183,1
25,141,1
25,291,2
26,101,1
26,251,1
29,137,1
28,137,1
20,170,1
23,96,1
29,54,2
26,187,1
29,178,1
26,147,1
21,377,2
25,167,1
24,130,1
28,70,1
25,389,2
21,347,2
22,350,2
29,124,1
28,395,2
33,233,3
34,311,2
32,322,2
39,9,1
33,159,1
36,138,1
33,171,1
37,156,1
35,21,1
34,255,3
39,210,1
37,359,2
39,274,2
33,562,2
30,182,1
37,609,2
32,354,2
34,127,4
30,131,4
34,456,2
32,213,1
30,593,2
33,352,2
37,18,1
31,459,2
32,236,1
31,509,2
31,137,1
38,390,2
35,422,1
31,526,4
38,572,2
35,176,1
33,151,1
33,234,1
36,95,1
35,138,1
32,5,1
31,231,1
39,222,1
39,519,2
30,619,2
33,22,1
32,385,1
39,410,1
32,599,2
31,197,1
34,215,1
36,213,3
30,63,1
35,146,1
32,200,4
38,43,1
31,73,1
30,40,1
35,160,1
30,521,2
36,320,2
30,288,4
31,455,2
31,308,2
38,488,3
35,563,4
30,93,1
34,148,1
36,349,2
38,554,2
37,154,1
35,350,2
35,621,2
39,164,1
38,73,1
39,586,2
30,609,2
33,231,1
36,112,1
39,197,1
35,310,2
34,156,1
35,346,2
31,276,2
36,400,4
35,28,1
36,9,3
38,463,4
36,543,2
33,433,2
30,121,1
31,200,1
34,257,1
30,190,1
30,396,2
36,604,4
33,458,1
31,308,2
38,33,3
35,259,1
39,435,2
32,389,2
35,178,1
32,118,1
37,181,1
37,493,4
37,354,2
34,280,2
30,57,1
32,589,1
36,107,1
35,613,4
30,569,2
32,343,2
34,406,4
33,484,2
30,404,2
38,468,2
32,247,1
39,469,2
33,44,1
32,352,2
37,228,1
34,58,1
38,288,4
38,524,2
31,232,3
38,12,1
33,28,4
30,445,2
34,144,3
35,370,2
36,304,2
39,316,2
30,188,1
32,345,2
30,236,1
37,484,3
37,358,2
32,574,2
38,503,2
37,534,2
38,77,3
37,380,4
30,163,2
38,149,1
31,139,1
30,82,1
37,509,2
32,589,2
33,59,1
37,283,4
35,65,1
39,316,2
32,76,1
33,136,1
34,212,1
36,123,1
34,85,1
31,454,1
36,553,2
32,498,2
32,165,1
33,539,2
38,37,1
38,418,2
37,326,2
33,36,1
38,67,1
37,565,2
39,255,1
36,312,2
38,9,1
37,529,1
31,204,1
34,158,1
33,517,1
32,302,2
31,530,2
35,211,1
39,89,1
30,363,2
36,316,2
30,549,2
32,272,2
35,302,2
35,233,1
35,407,2
36,375,2
39,186,1
38,199,1
35,614,2
34,498,2
33,345,2
30,89,1
35,398,2
33,530,2
36,463,2
32,587,2
36,401,2
36,351,2
31,87,1
38,23,1
32,506,1
32,309,1
33,451,2
38,166,1
33,226,2
35,433,2
36,95,1
38,580,2
38,244,1
35,40,1
37,69,1
39,134,1
39,10,1
30,27,2
31,464,2
35,179,1
30,597,3
30,416,2
36,612,2
33,579,2
39,312,4
32,430,2
36,126,1
37,164,1
35,47,3
31,362,2
37,262,2
30,548,2
31,217,1
36,474,2
38,274,1
33,341,2
36,578,2
36,377,2
31,132,2
38,386,2
30,390,2
33,107,4
36,162,1
37,352,2
37,22,1
36,377,2
38,118,1
37,357,2
39,420,2
39,441,2
36,596,2
38,450,4
37,4,1
30,340,2
39,270,1
38,190,1
39,57,1
32,526,2
39,161,3
34,442,2
39,315,2
38,177,1
34,200,1
32,354,2
35,106,2
38,593,1
33,114,1
39,535,2
33,416,4
31,533,2
35,160,1
38,426,2
39,522,2
39,142,2
30,149,2
31,607,2
31,208,1
35,228,1
37,337,2
34,253,1
38,23,1
37,624,2
36,310,2
33,143,1
36,355,2
31,248,1
36,574,2
37,260,1
31,331,1
36,390,2
39,407,2
34,74,1
33,449,2
32,268,2
39,261,4
35,448,2
30,313,2
32,113,3
35,381,1
35,273,1
31,16,1
35,216,1
34,540,2
32,412,2
38,557,2
33,123,1
38,56,1
33,39,1
32,412,1
31,72,1
31,62,1
39,101,1
38,347,2
34,188,2
32,557,2
37,392,2
39,6,1
33,341,1
34,477,2
33,263,1
35,522,2
32,36,1
39,104,1
35,333,1
33,335,2
32,136,1
37,24,1
34,323,2
34,609,2
32,99,1
36,504,2
34,13,1
32,555,2
33,30,1
37,245,1
39,145,1
38,47,1
39,404,2
35,330,2
32,454,4
35,622,2
38,36,1
35,7,1
36,302,2
38,479,4
32,580,2
32,318,2
37,176,1
39,9,1
37,382,2
38,46,1
31,505,2
32,617,2
36,156,1
31,367,4
36,73,3
35,509,2
35,179,1
39,0,1
30,36,1
32,25,2
33,508,2
30,446,2
38,111,1
31,195,2
34,233,3
38,615,2
32,618,2
35,128,4
34,141,3
34,162,1
30,339,1
38,489,1
31,345,2
35,215,1
32,482,2
38,108,1
31,178,1
35,538,2
30,65,1
30,98,1
36,406,2
35,283,2
39,342,2
39,487,2
39,512,2
30,609,2
30,363,1
39,540,2
31,271,1
49,178,3
40,424,4
42,135,3
48,210,3
40,393,4
48,155,3
45,273,4
41,52,3
48,245,3
48,278,3
41,370,3
46,386,4
42,588,4
48,192,3
49,373,3
41,586,4
47,322,3
42,239,4
40,259,3
45,385,4
40,572,3
47,103,3
48,592,4
49,239,3
46,416,4
42,2,3
42,351,4
45,91,3
43,676,4
40,180,3
47,226,3
41,341,4
46,538,3
46,291,3
44,402,4
47,457,4
47,466,3
45,575,4
46,270,3
47,232,3
48,524,4
43,7,3
41,624,4
47,660,3
49,407,3
41,313,3
45,6,3
46,458,4
42,391,4
47,317,4
44,167,3
47,627,4
43,609,4
49,265,4
40,658,4
43,77,3
45,227,3
44,127,3
45,134,3
45,569,4
41,53,3
45,560,3
40,0,3
49,352,4
47,315,4
41,639,4
49,686,4
41,307,4
48,397,3
40,386,4
42,186,3
46,351,3
48,351,3
45,214,3
40,409,4
46,346,3
45,338,4
48,442,4
48,94,3
43,366,4
49,5,3
40,17,3
47,460,4
47,224,3
47,588,4
48,376,4
42,384,4
46,43,3
48,448,4
44,444,4
48,134,3
41,366,4
40,86,4
49,636,4
49,187,3
43,207,3
40,659,3
40,155,3
45,434,4
44,245,4
45,674,4
48,681,3
43,466,4
41,691,4
43,462,4
44,268,3
42,475,4
41,168,4
49,251,3
43,538,4
42,40,3
46,67,3
44,152,4
41,52,3
42,325,4
44,382,3
44,368,4
41,606,4
44,564,4
45,28,4
40,409,4
46,64,3
42,364,4
44,448,4
46,155,3
49,346,4
45,427,4
47,507,4
42,587,3
46,507,3
40,386,4
40,111,3
42,130,3
44,26,3
45,169,3
41,15,3
45,534,4
40,458,4
47,72,3
46,263,4
44,475,4
48,236,3
44,56,4
49,332,4
48,332,4
47,220,3
43,614,4
49,702,4
49,264,3
41,430,3
45,296,4
46,148,3
46,71,3
45,425,4
40,354,4
40,460,4
44,495,3
49,41,4
48,42,3
45,24,3
45,478,4
42,20,4
45,429,4
47,619,3
43,256,3
41,588,4
43,180,3
48,556,4
47,531,4
40,158,3
42,79,3
41,486,4
49,79,3
45,205,3
41,378,4
48,17,4
44,27,3
43,225,3
48,279,3
40,475,4
49,406,3
45,78,4
44,141,3
42,156,3
40,477,4
46,273,3
42,586,4
41,129,3
41,449,4
49,395,4
44,182,4
41,604,4
48,295,4
41,392,4
43,698,3
47,428,4
44,524,4
45,260,4
44,27,4
41,572,4
42,32,4
43,364,4
43,553,3
40,469,4
45,426,4
42,84,4
47,223,4
46,96,3
47,445,3
44,234,3
47,638,4
47,546,4
46,369,4
46,440,4
49,368,4
41,369,4
43,137,3
48,375,4
44,692,4
40,5,3
42,154,3
52,462,4
54,586,4
57,282,4
54,611,3
58,51,4
52,620,4
50,652,3
51,59,3
59,478,3
52,582,4
50,509,4
54,487,4
53,195,3
56,519,3
56,500,4
54,632,4
58,337,4
58,265,3
53,639,4
57,337,4
50,448,3
53,138,4
51,98,4
57,124,4
53,606,4
58,86,3
52,493,4
54,87,3
50,634,3
54,69,4
57,40,3
55,565,3
54,301,4
51,51,3
56,232,3
51,396,3
55,388,4
50,512,4
54,279,4
56,142,3
50,136,3
53,401,4
59,87,3
56,375,4
57,368,4
53,628,3
50,63,3
58,127,3
55,134,4
52,178,4
50,214,3
52,587,4
53,260,3
54,114,3
52,343,3
57,40,3
57,483,4
57,172,3
57,278,4
55,182,3
53,615,3
51,29,3
53,297,4
54,570,3
51,273,4
56,125,3
56,404,4
56,429,3
55,586,4
53,47,3
56,132,3
57,322,4
53,558,4
53,261,3
58,385,4
55,542,3
53,44,3
59,43,3
52,598,3
58,652,4
52,392,4
57,508,4
58,429,4
53,153,4
57,235,3
58,583,4
51,201,3
52,264,3
52,175,3
52,435,4
51,555,4
51,548,4
58,4,4
59,479,3
56,128,4
51,23,3
59,494,4
55,495,4
56,179,3
53,102,4
51,476,4
53,157,3
52,211,3
52,474,4
53,239,4
53,474,3
59,199,3
59,320,3
57,46,3
55,35,4
55,509,3
57,400,4
57,500,3
58,174,3
57,61,3
59,453,4
58,530,4
54,99,3
56,440,3
59,123,4
55,467,4
51,178,3
58,308,4
59,122,4
53,375,3
56,253,4
59,93,4
60,287,5
61,298,5
70,318,5
79,248,5
75,377,3
64,343,3
70,265,5
69,123,5
62,275,3
67,349,5
72,22,5
61,15,5
70,214,3
75,289,5
75,70,5
65,286,3
77,346,5
74,377,3
62,300,4
63,200,5
61,187,5
61,354,5
71,113,3
66,334,5
63,303,5
72,183,5
68,352,3
73,105,5
67,23,5
69,304,3
77,280,5
64,94,5
69,364,5
75,126,4
69,136,5
69,14,5
73,140,5
69,56,5
64,230,5
74,73,5
60,263,5
70,291,5
72,87,4
64,257,5
60,89,5
66,278,5
71,171,4
78,115,5
73,40,5
68,258,5
69,203,5
74,204,5
75,139,5
66,16,3
63,101,3
75,357,5
62,265,5
